-4.812879174153150696e-01 -8.765625708128478299e-01
-8.746645304776785590e-01 4.847287479861931425e-01
7.277505858055957066e-01 6.858418803628225646e-01
2.867682711266634210e-01 -3.777056354214331502e-01
4.436579498562876478e-01 1.510785522699892025e-01
4.257665680226883631e-01 -9.048330396013297694e-01
-1.856335221111203304e-01 -9.826190490055747295e-01
6.867915536371917984e-01 -7.268544296161456586e-01
-4.262908126563161870e-01 9.045861722604527921e-01
-9.818735006898232642e-01 1.895374069758041236e-01
1.893340671396673836e-01 9.819127308576623969e-01
-6.828011356165408774e-01 7.306042767468323706e-01
8.779793294106836843e-01 -4.786985451487877907e-01
9.039077734539697762e-01 4.277274097944704923e-01
-1.263639249070787618e-01 9.919839507179933902e-01
-2.688175079085111663e-01 -3.880692766375714586e-01
-7.307323144512535285e-01 -6.826641081942966816e-01
9.920614669094190985e-01 1.257539099731365129e-01
-4.495090238199854760e-01 1.335635017595433183e-01
9.824545206709518474e-01 -1.865023185196643396e-01
-9.921795421404195903e-01 -1.248188934337554762e-01
-7.677384632391673520e-03 4.690030046106455353e-01
-9.056626361730742980e-01 -4.239990441499102980e-01
4.822942017441330109e-01 8.760093052953202841e-01
1.246124403306979184e-01 -9.922054926852744705e-01
-3.591896744774761285e-01 9.332645807855158848e-01
9.331859801582812475e-01 3.593938319393195635e-01
-9.987063133618819810e-01 -5.084977533006828504e-02
3.752140399365761492e-01 -3.438920318741785498e-01
9.663384721845277303e-01 -2.572740895933215421e-01
1.090336523999048679e-01 4.943068272251351924e-01
4.868635214486131124e-01 1.521631778197641838e-01
3.574353938844312961e-01 -9.339378668833818731e-01
-8.395789157808950520e-01 5.432377418554207305e-01
-1.086546100396565961e-01 -4.963163642509416662e-01
2.582644644726329042e-01 9.660742551122373234e-01
5.356691808229516183e-02 -9.985642619717396418e-01
-2.596367711341531770e-01 -9.657063461917558822e-01
6.286184409286659225e-01 -7.777138649428936290e-01
-5.535938318097170102e-02 9.984664935258581453e-01
-5.463251007967160344e-01 -8.375732112713838440e-01
-9.334992121999911019e-01 -3.585794484099666946e-01
9.986346139481563355e-01 5.223894930621051508e-02
5.434730049756916204e-01 8.394266453137475548e-01
-3.772928363604773905e-01 3.433343216472738435e-01
-9.662381033676155084e-01 2.576507861438677160e-01
-7.767211313532493833e-01 -6.298446507745607548e-01
8.398406142348955328e-01 -5.428330707331243676e-01
7.746483981951184372e-01 6.323921719737974900e-01
-4.823184911761400073e-01 -1.514997139724638120e-01
-6.286194616853657546e-01 7.777130398742205797e-01
-5.280261809712143428e-01 8.492280919805669237e-01
-1.797958313215670123e-01 -4.213147979927700515e-01
9.177673005489747071e-01 3.971185994675243136e-01
-7.452681496915743997e-01 6.667648648926373101e-01
1.872939386642286097e-02 9.998245895182796827e-01
9.924814487002057151e-01 1.223951550754399792e-01
-2.971715890641350444e-01 -9.548240919944870342e-01
-9.870963446019641596e-01 1.601274694530584741e-01
5.549313135438194156e-01 8.318961697522901932e-01
-9.016060057106254355e-01 4.325582162744476267e-01
3.900200460786856782e-01 2.382996376085349810e-01
2.660932317769498234e-01 -9.639472973158327296e-01
9.870982174685076771e-01 -1.601159238504865079e-01
-9.164720852627307179e-01 -4.000986340068934388e-01
-5.567224844917193494e-01 -8.306985465626910425e-01
-9.920079658150190438e-01 -1.261752581116762084e-01
-1.545635446883722973e-02 -9.998805434183294372e-01
3.438735805758227349e-01 -3.011357115256492190e-01
5.250016421355784280e-01 -8.511012135785883670e-01
-1.030002507969398351e-01 4.481767373071932070e-01
7.446118571802565755e-01 -6.674977019784931187e-01
7.672585731989137736e-01 6.413378843112008676e-01
2.997168729404403598e-01 9.540281945911261996e-01
-2.655218258783347274e-01 9.641048490606378696e-01
-4.552876463646607919e-01 3.813426003745178094e-02
9.029111635523350277e-01 -4.298272103212738005e-01
-7.678294580800931746e-01 -6.406542931288530252e-01
5.388586521520013495e-01 -8.423961971667064397e-01
-2.847114432628088387e-01 -9.586132661690054402e-01
-7.575650336298838106e-01 -6.527596953101141297e-01
-9.891061612132201475e-01 1.472039464486177562e-01
-9.907060160318856834e-01 -1.360205491763249452e-01
-9.080096539649797904e-01 4.189492431147209817e-01
7.573341344495306826e-01 6.530275712384435716e-01
9.107471878117282538e-01 4.129643566859352299e-01
2.605224815401834763e-03 9.999966063960723517e-01
9.093360644133974269e-01 -4.160624015182741164e-01
4.373049719174597616e-01 2.328518932003313113e-01
-2.224694894560734233e-03 -9.999975253632511496e-01
-9.116833903693084551e-01 -4.108934116346031895e-01
4.216268095415986461e-01 -2.613144640663975782e-01
-4.189879731341591418e-01 2.585859551847471960e-01
2.851602721004657393e-01 9.584798481009333404e-01
5.429446677563448675e-01 8.397684727083722933e-01
1.598445715930889646e-02 4.966556815945545322e-01
-5.423200879513234707e-01 -8.401719599013459661e-01
9.902099483009539904e-01 1.395860246794847770e-01
7.546981828228213063e-01 -6.560721399693264511e-01
-7.520234910731529165e-01 6.591363052314349602e-01
-5.371218278962347492e-01 8.435046781123429760e-01
9.895947296044502739e-01 -1.438828382368609604e-01
2.803440918003420324e-01 -9.598995729724236758e-01
-1.536239459875507474e-02 -4.948670051549759474e-01
-2.786220305117812490e-01 9.604008351274442301e-01
-4.350119356961195671e-01 -2.373287802702508387e-01
-2.541811502819865676e-01 4.939016898326151206e-01
-3.005978446554918859e-01 9.537509820642245950e-01
7.424030751104703230e-01 6.699534864947842561e-01
-5.525453337000625353e-01 2.451866512179385824e-02
-2.590936756728097756e-01 -9.658521974020417566e-01
2.582343228254464496e-01 9.660823124945839835e-01
7.713486318193394364e-01 -6.364128284301260319e-01
3.003940519966909473e-01 -9.538151883488800165e-01
-5.219859317489347061e-01 -8.529540943428294275e-01
-9.183766543864069209e-01 3.957073674800988816e-01
-5.610322822381317298e-01 8.277939225958795832e-01
9.859466875092037785e-01 1.670602567627271773e-01
-8.998615872884397904e-01 -4.361755652518030102e-01
1.983369346660853946e-02 -9.998032929549054426e-01
-3.015075310687242438e-01 -4.640842143028478528e-01
2.536780915363985867e-01 -4.953205246042131638e-01
-9.859961247580696364e-01 -1.667682282752601941e-01
5.210541185070024506e-01 8.535236409068530650e-01
3.013605738706340298e-01 4.647142038402870545e-01
5.604844163801375734e-01 -8.281649708814160515e-01
9.178220998948855014e-01 -3.969919305786239194e-01
9.926726143857608209e-01 -1.208349314086720333e-01
-7.712591660557670536e-01 6.365212477010981917e-01
-9.927207363588315125e-01 1.204389455416291499e-01
5.552600104412556137e-01 -2.684272768055361719e-02
-7.420698480932959029e-01 -6.703225645544036437e-01
1.061938154982764154e-03 1.258759741145712863e-03
9.000808838621088270e-01 4.357228505667394836e-01
-2.109132145103561826e-02 9.997775533384658520e-01
