4.058932973024148572e-01 -2.686948555292869578e-01
7.166975282197112218e-01 6.973841502670936610e-01
-1.176205563612537780e-01 -9.930586109194506905e-01
5.034738983086339825e-01 8.640104361186311532e-01
-2.880360254993565849e-01 9.576195737423781607e-01
9.751841234820799453e-01 2.213954048946990549e-01
-8.962160489360619930e-01 4.436178463829359431e-01
8.786226791436149153e-01 4.775166883937108642e-01
4.378300386942715061e-01 2.205540252683042546e-01
4.164255382001545991e-01 -9.091698252442784733e-01
1.561075473624849719e-01 -9.877400638105501285e-01
-3.813360319134820320e-01 -9.244364936351657791e-01
-1.922160208987870947e-02 9.998152479398872972e-01
2.893869664533233257e-02 4.876255654182018451e-01
-3.072387759405829574e-02 -4.871535969625136464e-01
-4.095937501764612687e-01 2.680880858399971034e-01
-9.963610426007497578e-01 -8.523304985477632434e-02
-8.059278508500905547e-01 -5.920137660765620868e-01
6.457342273452494341e-01 -7.635622486967473810e-01
-6.161119096418544716e-01 -7.876586283393760546e-01
9.988116882472769520e-01 -4.873614080561296247e-02
9.489043266754922934e-01 -3.155639060737628343e-01
-4.394990692304699964e-01 -2.208378875935872454e-01
-5.342627674163213936e-01 8.453184579509982477e-01
-7.420023154701869128e-01 6.703973178920701326e-01
2.521145136245446783e-01 9.676974072611020938e-01
-9.361083932731347756e-01 -3.517116376288821344e-01
-9.826243125155219582e-01 1.856056584627678585e-01
8.277137702931472996e-01 -5.611505274586338077e-01
2.094273645601838763e-01 5.077064785340000830e-01
-8.750093683152780910e-01 -4.841059856689421403e-01
1.141155749017702063e-04 -1.251770264641365819e-03
-9.990409981397531114e-01 4.378451822192477166e-02
8.999864953021504688e-01 -4.359177769645923850e-01
-4.203468720521928437e-01 9.073634922983938589e-01
3.347629383785660218e-01 -4.343646385359206663e-01
1.085225853793218703e-01 9.940939837171270943e-01
-2.082060208577794780e-01 -5.099063177992553264e-01
-3.355612900557860545e-01 4.319849775582796370e-01
5.436962884986950018e-01 7.226070570209076893e-02
2.945414105693055506e-01 -9.556387170159252875e-01
-8.325345282921459145e-01 5.539731574736940223e-01
5.411647522145899281e-01 -8.409165897760142450e-01
-1.622441634793339582e-01 9.867506429776933263e-01
6.116328437338812707e-01 7.911417473917082832e-01
-9.733127076483918394e-01 -2.294828384218659534e-01
-4.987695425413397610e-01 -8.667346441865021456e-01
7.502518713019806773e-01 -6.611521228944789996e-01
3.745435875584380847e-01 9.272093080954562083e-01
-6.520072046740486016e-01 7.582127703047035761e-01
2.749511163163005645e-02 -9.996219379527263582e-01
-9.504637508076008157e-01 3.108354201193080923e-01
-5.433913202275761911e-01 -7.613650432481847141e-02
9.324948278543292446e-01 3.611833274459451681e-01
9.838046369771538124e-01 -1.792440689737058446e-01
-2.424143898803345909e-01 -9.701728008859787922e-01
8.012879776463659454e-01 5.982788454219295504e-01
9.956128807158225458e-01 9.356811290574093554e-02
-7.140445525509483415e-01 -7.001002620855928393e-01
