-5.405706476403773220e-01 -8.412986240982823771e-01
-9.954724527293060676e-01 9.505049109341515146e-02
-2.927374643529810916e-01 -9.561928555287302345e-01
-8.989084266374922638e-01 -4.381365546494703223e-01
9.989532670133066672e-01 4.574243460334517092e-02
-7.469981239011274088e-01 -6.648261448590873091e-01
-1.119257702632225071e-01 9.937165702306590687e-01
1.595653208743559592e-01 9.871873724750857004e-01
4.989755794313887605e-01 -8.666160459690958051e-01
9.490028478805092593e-01 3.152674970793581388e-01
-2.274631723621590301e-02 -9.997412690552437420e-01
-3.748848920461981260e-01 9.270713660314994220e-01
-9.841632218320308656e-01 -1.772646405609329123e-01
-2.983711761533863194e-01 3.874409449746678558e-01
8.294615103706056702e-01 5.585638753210895313e-01
9.738215471018805136e-01 -2.273138675930257702e-01
4.898455446507981037e-01 6.145698682872968721e-02
-4.800917179239751476e-01 -6.782318617351283663e-02
8.776713332255192679e-01 -4.792630079967989398e-01
-9.336919727982853079e-01 3.580772262125112571e-01
7.156341276134702278e-01 -6.984753362824684952e-01
2.472949496804106861e-01 -9.689402498929247098e-01
3.048992633609596825e-01 -3.777967426239445259e-01
-6.116637593228733127e-01 7.911178455394684006e-01
1.854686288196158439e-01 4.429180359154072932e-01
-1.829884398212575092e-01 -4.592081090762776263e-01
6.496418888536991121e-01 7.602403674145422618e-01
4.206654947303722358e-01 9.072158186138792324e-01
-8.031188704457343785e-01 5.958188314697409060e-01
8.854768258935388214e-01 4.646835383414218978e-01
-4.017946519740644984e-01 -9.157297951060895391e-01
9.433814148088831564e-01 -3.317099730083342135e-01
-8.898823165019662529e-01 4.561901607631346223e-01
1.360092581005235002e-01 -9.907075661924387155e-01
-9.427564162172861195e-01 -3.334821429719126429e-01
-7.495891017166937328e-03 9.999719054142764962e-01
-8.163629283815007076e-01 -5.775392360388864610e-01
-6.315504232254103290e-01 -7.753348069858627678e-01
3.980023032208098166e-01 -9.173844159516394425e-01
6.293290498144996636e-01 -7.771389496477311143e-01
-5.237106601630522329e-01 8.518962051984854122e-01
-4.917044895521379133e-01 -2.402127942642232061e-01
2.645624343476413176e-01 9.643685593859071536e-01
9.788936577447939769e-01 2.043702689410034634e-01
-9.977744458529688165e-01 -6.667949611987827874e-02
3.648455920934833008e-02 5.395727957751811354e-01
-4.483406143950145473e-01 2.966067560904702693e-01
7.252050692958210698e-01 6.885329385495244647e-01
4.639962977937239219e-01 -2.925251354358525124e-01
-1.388098425190642804e-01 -9.903190534468336859e-01
9.978008600525156702e-01 -6.628305725040177510e-02
-2.776320039851912780e-01 9.606874988065405852e-01
8.873350479395745657e-04 -5.193875761578772843e-03
8.168613671784606955e-01 -5.768340374937456216e-01
-2.712998325871851177e-02 -5.452832970574541527e-01
-7.331200881548975978e-01 6.800992106624996758e-01
4.900944992081573970e-01 2.431517810313877093e-01
-9.795935236328014994e-01 2.009888764500958047e-01
5.141586515262555057e-01 8.576950979577196987e-01
