9.895539813834898224e-01 1.441628174255898676e-01
8.877901139472400560e-01 4.602485345740346401e-01
-2.284784287675918624e-01 9.735489754439127230e-01
1.034488896042713157e-01 9.946347707775167191e-01
-4.571509410011319607e-01 1.471844974938928408e-01
-2.203644553209972018e-03 4.739070210992346599e-01
-2.614614549919337394e-01 -9.652139180272428787e-01
2.851524246717213051e-01 -3.889205441257244655e-01
8.716545678412397358e-01 -4.901207140710353571e-01
-8.019005040747950730e-01 -5.974575981311056605e-01
-2.759363907824441964e-01 -3.839542266424126882e-01
6.912415286076595278e-01 7.226237950193352688e-01
-7.758413955424086073e-01 6.309279903149075386e-01
-9.516454241019620675e-01 -3.071986113018687070e-01
3.827626751086821155e-01 -9.238467051105639927e-01
4.217389611754729928e-01 9.067172925596119759e-01
6.328433558529671099e-02 -9.979955374998062956e-01
4.495460779317842492e-01 1.465081880705333961e-01
-5.312942261454179915e-01 8.471873731734564927e-01
-5.628864433850937488e-01 -8.265342411862195426e-01
6.645356314078416649e-01 -7.472565788197392811e-01
-9.398487282224211592e-01 3.415909367338330060e-01
9.830028927335608957e-01 -1.835900674803823129e-01
-9.998700751073702486e-01 1.611933326107468922e-02
-7.047287065728394806e-01 7.094768848469783507e-01
9.566892616269915273e-01 -2.911110727670825904e-01
-4.664099221275577745e-02 -9.989117167424805821e-01
8.104403752228809266e-01 -5.858211315824958243e-01
-4.996287841455511747e-01 1.314726787261935592e-01
4.938941692809362127e-01 -1.293543590546045730e-01
-3.636956381208815703e-01 -9.315178381608401059e-01
7.667097392432481451e-01 6.419939063180820638e-01
9.993185375759302547e-01 3.691152201012606188e-02
-8.610802711110479013e-01 -5.084690420304113223e-01
-6.470243868790606090e-01 -7.624693061256797577e-01
-3.641028082112228725e-01 -3.670254528304978670e-01
-8.962826134346874030e-01 4.434833445065179403e-01
3.646632127878132734e-01 3.682445928403082491e-01
2.819218081390021391e-01 -9.594373841453310847e-01
2.104643655971779603e-01 9.776015296703343127e-01
1.357815641724183786e-01 -4.941737876035952048e-01
-1.362981928893856609e-01 4.971154726595811146e-01
-4.375121565755675790e-01 8.992124959366366577e-01
-1.173215784408130763e-01 9.930939770395126320e-01
5.139154040492887043e-01 8.578408695561527963e-01
-9.922700124816690170e-01 1.240976322482758715e-01
5.796436527797229621e-01 -8.148700729516209496e-01
-9.790883523598453708e-01 -2.034354892177945018e-01
9.342167470186947265e-01 3.567058586423948463e-01
9.171225072342046314e-01 -3.986054524519783704e-01
2.762793772762515143e-01 -4.266357449548649483e-01
-2.738807047936498429e-01 4.290527095244108802e-01
-5.054222054583451529e-01 -2.099408124217966992e-02
8.607852232100320355e-01 5.089683678808097911e-01
3.984021965044929892e-01 9.172108208151467101e-01
-5.077404872628700216e-01 8.615100681907688074e-01
6.637332481583871902e-01 7.479693678815441116e-01
-9.531153444514868511e-02 -9.954474930410500688e-01
-9.954112680994755546e-01 9.568911819320988221e-02
-7.504236282971005201e-01 6.609571681231811713e-01
-9.176632001622675450e-01 3.973590958666308737e-01
5.075773567169427070e-01 -8.616061901752107843e-01
2.152303077493993577e-01 -9.765633182882197394e-01
-8.609641755450688771e-01 -5.086655958761119312e-01
9.464720602280886352e-02 9.955108770837594045e-01
-2.320770249235480365e-01 -4.519157407162011642e-01
-6.634213567453430827e-01 -7.482460179741475814e-01
-3.986270130907036413e-01 -9.171131361148329164e-01
7.496076207840077776e-01 -6.618824781353100928e-01
9.758509319489004907e-01 2.184375393893239203e-01
5.072490921878876069e-01 2.209083619435484730e-02
-2.152381109894129785e-01 9.765615984553710494e-01
9.954504171924539735e-01 -9.528098924428286820e-02
-9.755433797868751089e-01 -2.198069929597335770e-01
2.336698841734349552e-01 4.508024657656963252e-01
-9.101485343260824479e-01 4.142820844111940737e-01
9.617076879869808081e-01 -2.740772206272088507e-01
3.854737846619231134e-01 -9.227187877887896850e-01
-1.503763455700246263e-02 5.046902404292913369e-01
6.381234374529387576e-01 -7.699340741733965432e-01
1.401016572819240892e-02 -4.969339729138262940e-01
9.499905172655203067e-01 3.122787490457665793e-01
-9.853925073648116539e-01 -1.702985802327476594e-01
5.462483179663354255e-02 9.985069492753615439e-01
-8.919971977646984351e-01 -4.520409264435307217e-01
9.998087010883227599e-01 1.955917247945013204e-02
-4.412431404519346345e-01 2.384644662872578702e-01
9.586402962860082755e-02 -9.953944383124545547e-01
6.067900243423683948e-01 7.948621681515531945e-01
-2.441901609968695486e-01 9.697273664656076431e-01
-9.919797326150007200e-01 1.263970335137321044e-01
8.139621345058934976e-01 5.809179318893588073e-01
-7.172413655906302310e-01 -6.968248154921637960e-01
-5.182752376705533903e-01 8.552138785225198436e-01
-7.473033250328299237e-01 6.644830625342355024e-01
-4.278564100559635319e-01 -2.631994523195803071e-01
4.436689117689112116e-01 -2.389232975279922122e-01
4.232712306652589018e-01 2.659618725586014865e-01
3.475018512195231501e-01 9.376792966675784324e-01
-2.038583226366833256e-01 -9.790004005575063672e-01
-4.812292893845840358e-01 -8.765947587331379687e-01
8.368512800245789807e-01 -5.474303016103727604e-01
7.302354732253586445e-01 6.831955456846424690e-01
-9.999996395463023324e-01 -8.490625803726272727e-04
-6.201858603960691552e-01 -7.844549053736534772e-01
-8.261577034144811371e-01 5.634389488568484206e-01
9.894333555022701843e-01 -1.449883961547218381e-01
9.888139221568116310e-01 1.491543742196743683e-01
1.213636644413650274e-02 -5.634076642662518841e-01
2.276573543647182341e-01 -9.737413049694755296e-01
7.328790512990080996e-01 -6.803589465620820675e-01
-7.730385787263281683e-02 9.970075794887459653e-01
4.918867278418122546e-01 -2.671995433799759789e-01
-6.235439130910915839e-01 7.817883271366035114e-01
4.975889817730774212e-01 8.674129381200351707e-01
9.012797790740624260e-01 4.332375328064375086e-01
-2.272991337751074752e-03 -2.335379853949755800e-03
-1.242896388635794137e-02 5.629950244094638068e-01
-7.370471368054055950e-02 -9.972801086862554953e-01
2.234191885413565060e-01 9.747224559799172461e-01
-8.254953668946580780e-01 -5.644088936537534629e-01
5.025137586079005958e-01 -8.645692120413268622e-01
9.024487252720330144e-01 -4.307972820885508924e-01
-4.914901825848328465e-01 2.699626620979134750e-01
-9.566340704962257302e-01 2.912923877581118370e-01
-4.818385013070546896e-01 -2.926711544298215006e-01
-3.655974437274289168e-01 -9.307730706998186276e-01
4.780114268341109085e-01 2.939498106954435142e-01
-3.685925801394115964e-01 9.295910444201641587e-01
-9.564865316960302621e-01 -2.917764806904402652e-01
-8.368341173415869694e-01 5.474565371361702626e-01
9.610148928984827421e-01 2.764966105168703558e-01
-2.848585153349688093e-01 4.759163387198677153e-01
1.320008068559187508e-01 -9.912496088218075707e-01
-5.568137748904358197e-01 -1.237932466688180383e-02
-6.494471181779363222e-01 7.604067600241161129e-01
6.626926015126006764e-01 7.488915247887784066e-01
-8.470466878247980835e-01 -5.315184932295764497e-01
5.531764925056469329e-01 7.243089480832102731e-03
-4.053675671519008650e-01 9.141537811010513881e-01
-4.233987429474961872e-01 -9.059434333723490607e-01
-1.499015044052055545e-01 -9.887009350542033115e-01
-1.327716016355910689e-01 9.911466600857411491e-01
2.823225044278067641e-01 -4.782892493123609423e-01
8.374652504893448368e-01 -5.464905801775715721e-01
-9.558977749800273704e-01 2.936995808444967659e-01
8.457386502840981146e-01 5.335973532689531895e-01
-6.646904789297429783e-01 -7.471188441072469377e-01
4.072212521807733743e-01 -9.133295417166374941e-01
-1.926851639631479984e-03 1.509426821617388184e-04
9.999669599470468739e-01 -8.128899941640574736e-03
1.495206271491582029e-01 9.887586065652841372e-01
4.219846251124899084e-01 9.066029870724402473e-01
6.505668843006887636e-01 -7.594489640859973800e-01
9.568106690152722305e-01 -2.907117879593935084e-01
2.715908361064636178e-01 4.835426297600138312e-01
-2.696346881879627677e-01 -4.870105365952878684e-01
-9.618706542420608629e-01 -2.735047431178292410e-01
-9.999341509841895848e-01 1.147578735982005861e-02
2.023528122602776258e-01 9.793126872303641317e-01
-9.981966389391371264e-01 6.002890979028210200e-02
-9.399886710898939235e-01 3.412056538550547469e-01
-2.053821693570823392e-01 -9.786818505061687379e-01
4.701813767074518036e-01 8.825698119681442133e-01
-8.741469432223509806e-01 -4.856615299311030642e-01
-8.053638497929583862e-01 5.927807937565667817e-01
8.318523755821570498e-02 -9.965341019013767010e-01
-4.774499760880720478e-01 -3.241957762233904083e-01
-7.001980384859817219e-01 -7.139486724550886398e-01
1.073572176665253024e-04 -9.891075177618727926e-04
-4.694225771809926173e-02 -5.757050466739593864e-01
9.748927907650679625e-01 2.226747549999725517e-01
-2.101407788526494513e-01 5.389252612886217264e-01
-4.715925913143933501e-01 -8.818165499792888218e-01
5.686609168664802372e-01 8.464138470556922811e-02
3.586497469717706554e-01 -9.334722057978399601e-01
7.012543949180152225e-01 7.129111260235514447e-01
-6.084182783037821451e-01 7.936165312201235444e-01
-9.755432804876338349e-01 -2.198074336673490614e-01
8.724990724489206650e-01 4.886157678337583188e-01
9.979796670778371404e-01 -6.353411759999180730e-02
-5.481928073157111836e-01 1.739306434767609877e-01
9.405776891604715750e-01 -3.395785780250978880e-01
2.907141645764054205e-01 4.963726536358660235e-01
4.186024378163102910e-01 -3.943910437491530141e-01
-7.826832843073093515e-02 9.969323290798924875e-01
-3.576574623158516042e-01 9.338528468927987936e-01
8.078120752420171469e-01 -5.894401166303373518e-01
6.051559054057639164e-01 -7.961069841123930013e-01
-2.095585349041947099e-01 -9.777961037193834137e-01
-8.005251106181322518e-01 5.992992134733926557e-01
-1.578991489735005194e-01 5.742109409242494023e-01
9.389872628075607297e-01 -3.439519156585186255e-01
3.539388677203576528e-01 -9.352685592474662135e-01
4.755534336479997348e-01 8.796868373151875975e-01
-7.067103381513719640e-01 -7.075030020784176532e-01
-4.769376610812728901e-01 -8.789371237138209336e-01
-2.940300428889769391e-01 -5.173653002002712720e-01
7.057835081710129854e-01 7.084275824626096174e-01
2.081900771874735656e-01 9.780883864767406788e-01
-7.213366817121623364e-02 9.973949738775330642e-01
-3.525640183973062780e-01 9.357876965057534413e-01
7.290518283655207654e-02 -9.973388763682928815e-01
2.956010055643908951e-01 5.186016967494047059e-01
-8.759430904153016062e-01 -4.824144508135000398e-01
-5.190628947398026050e-01 2.937686931822486303e-01
5.176617624525217121e-01 -2.979405013978681516e-01
8.753569935120131262e-01 4.834771286313444549e-01
9.976989109735248107e-01 -6.780031741992602334e-02
8.026840386881213263e-01 -5.964045053781256156e-01
-9.975721031564839247e-01 6.964121627276136095e-02
9.766079231269463312e-01 2.150278225850605074e-01
6.031626702762861170e-01 -7.976182001341117767e-01
1.578467300681411223e-01 -5.795592482602061057e-01
5.746828434443170819e-01 1.535022527043579943e-01
-6.016210808089541562e-01 7.987816191715140235e-01
-9.770788292818283205e-01 -2.128778085410775456e-01
-9.380328746975205023e-01 3.465462826040782707e-01
-5.750675806226984710e-01 -1.569911507155313524e-01
4.003175234352542022e-04 1.416426662029451802e-03
4.239255766787392576e-01 3.278091870861922774e-01
-1.374543143221821327e-02 -9.999055270948061791e-01
-9.799639379327966804e-01 1.991749993127798490e-01
2.373100677414067827e-01 -9.714339564523000181e-01
9.104577653439156482e-01 4.136020521285690421e-01
5.961176860684790357e-01 8.028970695900953247e-01
-2.630045931894601785e-01 -9.647945812250638964e-01
-4.266853066341056433e-01 -3.252473344378743469e-01
9.474439119825016631e-01 -3.199219180476598479e-01
3.787592988485920520e-01 9.254952152959640133e-01
7.781283735578490290e-01 6.281052732338875400e-01
7.175669024059547207e-02 -5.340277970123484819e-01
-3.570632443784036436e-01 9.340802104284025020e-01
-8.988741529815580389e-01 4.382068656487330127e-01
6.742357386215885873e-01 -7.385161939764091077e-01
-7.608392234698019285e-01 6.489404256400342907e-01
-6.942296700965598644e-02 5.296658860249308098e-01
-1.374293869537077497e-03 -6.437418464663936107e-03
-4.975330811810300680e-01 2.087661517440325409e-01
8.368322227852987849e-01 -5.474594331164785999e-01
1.393765607436103782e-01 9.902394530189567723e-01
-4.937236643566773053e-01 -8.696188494128993529e-01
-9.987370885133355358e-01 -5.024169610896757343e-02
-1.122167341766286408e-01 9.936837548087077421e-01
9.972611349487724430e-01 -7.396099458962303308e-02
-8.517842285012980907e-01 -5.238927639092261224e-01
-9.556327437591558560e-01 -2.945607900847420635e-01
-5.770181858584578771e-01 8.167312980341907558e-01
-6.942829701926880315e-01 -7.197021309544796575e-01
9.846369030184068949e-01 1.746143442398719048e-01
4.710598440289927580e-01 -8.821012545866721011e-01
4.988688797192349922e-01 -2.035481731327005717e-01
-2.819429137368753557e-01 -5.123605563487720893e-01
2.802944402508578126e-01 5.128824929787466624e-01
5.594495665077238167e-01 1.623312343637317856e-01
1.094117562723835035e-01 9.939965128658111437e-01
-1.506048530200319036e-01 9.885940411750490098e-01
1.779657382465619532e-03 -1.308478051480982743e-03
-1.063348974907307176e-01 -9.943303724495374807e-01
-9.146001887165571276e-01 -4.043593634375714507e-01
-5.622480099392801467e-01 -1.604178259008653129e-01
-8.058447397414280067e-01 5.921268913257277111e-01
8.072427176005644300e-01 -5.902196158048760299e-01
9.149989161983156372e-01 4.034562967111898213e-01
-1.625339497777443520e-01 5.618012093012461072e-01
4.053059045855715858e-01 -9.141811219381371645e-01
9.323599632895923639e-01 -3.615313248594511086e-01
3.616210799178065094e-01 9.323251549535060967e-01
-5.143451120983013602e-01 2.841811772194770547e-01
1.535979740335224886e-01 -9.881334233658921606e-01
1.633174665813218462e-01 -5.613041688336251056e-01
7.794929199868467773e-01 6.264110373312232749e-01
6.277577944272972887e-01 -7.784087303825512061e-01
-3.597063274662467003e-01 -9.330655700328595037e-01
-9.325272140112312869e-01 3.610997024762706564e-01
9.882913604336407420e-01 1.525784614296000208e-01
9.941778348546070898e-01 -1.077517177765885126e-01
-4.033667207596571269e-01 9.150384082559598342e-01
-9.883074990909489488e-01 -1.524738903569851090e-01
5.923048969727576774e-01 8.057139126402690366e-01
-5.911516334061105438e-01 -8.065604418276954846e-01
-6.258082750134231764e-01 7.799769246104165665e-01
5.126140032306475414e-01 -2.807171845738463678e-01
-9.941684011810009158e-01 1.078387226056227582e-01
-7.795981762156292127e-01 -6.262800361190390408e-01
-6.249451951597582156e-01 1.536103730817270918e-01
6.251953371416477667e-01 -1.551251577834009965e-01
-4.350520815490670490e-01 9.004052900443355600e-01
-3.130260566350420715e-01 5.229075064611899970e-01
1.869304975993141271e-01 -9.823731414626891700e-01
8.252673517675016557e-01 -5.647422404129645024e-01
-1.897054099895757184e-01 9.818410550698554173e-01
6.765924783922204477e-02 9.977084875763214677e-01
9.813905539670733091e-01 1.920223439712185898e-01
5.547125960901401198e-01 8.320420276277737948e-01
-2.121762285054187014e-01 -4.512697979945963327e-03
2.084387018683154791e-01 2.578090448352986144e-03
9.977780589133533606e-01 -6.662540920024810631e-02
-8.261354577198741778e-01 5.634715658291674645e-01
6.525767564193977188e-01 -7.577226253591335947e-01
4.334648260702107514e-01 -9.011704858460034551e-01
-5.262337218754106205e-01 -3.469554549651019393e-01
-8.988622616231214391e-01 -4.382312570204992541e-01
8.986317958776589565e-01 4.387036533215715184e-01
9.438121959121708038e-01 -3.304822821989796267e-01
-7.517430090034608048e-01 -6.594561762652787484e-01
-9.440306272378149455e-01 3.298578100287727910e-01
3.114729861667929756e-01 -5.217091119498062923e-01
-6.544278694796634710e-01 7.561244366162942487e-01
3.236948941326010520e-01 9.461615166093387819e-01
-6.993118113351522169e-02 -9.975518181554637875e-01
-9.976898623561227808e-01 6.793333903041016975e-02
5.289398090893313586e-01 3.456636858712447968e-01
-5.558846333232614345e-01 -8.312594507342837558e-01
1.317959467498427961e-01 5.833187397832721999e-01
-9.814191616695844278e-01 -1.918760774765060906e-01
7.504542794449983178e-01 6.609223664415422306e-01
-1.302058302017016778e-01 -5.834740179880704147e-01
-3.252140113018773260e-01 -9.456404426910592909e-01
6.671254424705616581e-02 -5.974482750849564594e-01
3.701950948860603385e-01 -9.289540310060022676e-01
-1.218651998233364342e-01 -9.925466604004159477e-01
2.436949363912210842e-01 9.698519361104965819e-01
-4.917069566237325939e-01 4.018355293920136684e-01
-9.003871612227727361e-01 -4.350895998586921110e-01
-7.651026492835183435e-01 -6.439083289252759412e-01
-9.807056176815035498e-01 -1.954903870985487957e-01
-8.474504914593053995e-01 5.308744338592523704e-01
9.976620819117184569e-01 6.834010766435581752e-02
-2.013278983336382333e-01 6.424592596264487587e-02
-6.845756584597368910e-01 7.289418137577359236e-01
5.882428699347600487e-01 -8.086843178712672664e-01
-5.814515130096830076e-01 -8.135810580506102063e-01
-4.814857823814534532e-01 8.764539014486270041e-01
-9.529729448381248913e-01 3.030553850479351663e-01
-9.982970693401779227e-01 5.833490676097653066e-02
9.478238949401045499e-01 3.187943917018767337e-01
9.080613159954805669e-01 -4.188372552585977182e-01
3.635540954351574872e-01 4.746598086617898060e-01
-3.605994638103389160e-01 -4.762622136445951448e-01
9.833672346719974922e-01 -1.816284167567084606e-01
6.235914207688016964e-01 9.172206525788580145e-02
1.953114461274251812e-01 -6.282060140160829198e-02
6.784677039785499408e-01 7.346302298830852395e-01
8.391724157083467750e-01 5.438654766706723098e-01
-3.102662200943183055e-03 9.999951867320496790e-01
-3.611226070783844500e-01 -9.325183444077177475e-01
7.729096113942144353e-01 -6.345161405468299209e-01
-2.518920027383899640e-01 9.677553507764463658e-01
4.907401692532166182e-01 -4.004216168854405900e-01
-6.248816881334379181e-01 -9.324593662806147931e-02
-6.486569859555088580e-02 5.939785039848665127e-01
1.274594685623737511e-01 -9.918437799743452521e-01
4.743333418882459407e-01 8.803453190499330727e-01
1.494597772312616368e-01 -9.887678064085528851e-01
-5.570486650842372267e-01 2.018884204835692808e-01
-9.780691877416000102e-01 2.082802534819048479e-01
-3.284242410583587124e-01 -9.445303160223290639e-01
-8.989887555153933119e-02 -9.959508984757073913e-01
5.974777924901671922e-01 -8.018854578311521708e-01
-5.960308035801189508e-01 8.029615689331823791e-01
1.071224134958992033e-02 -2.061500150408893117e-01
5.550579210887610637e-01 -2.048944868118068585e-01
9.006235992966205028e-01 -4.345999682351579518e-01
2.394818888130545720e-01 5.763923024983698129e-01
-5.424087884195932796e-01 -2.350265718275856008e-01
-8.999949621759316676e-01 4.359002960057993259e-01
7.710734621919467235e-01 -6.367461942590032509e-01
-7.704567409739385697e-01 6.374922825319671027e-01
-1.489192739629791318e-01 9.888493564958915627e-01
5.430470016918688136e-01 2.325938767896703618e-01
9.003989588030671121e-02 9.959381592999957400e-01
8.720326251746880475e-01 4.894477506649121401e-01
-2.345421560549131035e-01 -5.809137758879121538e-01
7.310421411984969753e-01 6.823323147791821031e-01
9.995228460824390204e-01 3.088818802164823227e-02
-7.312778426555831546e-01 -6.820796997719520416e-01
9.637442196964709495e-01 2.668278077743033716e-01
-1.463758408318293312e-02 2.058664532294347815e-01
9.784174611107319119e-01 -2.066380211713942927e-01
5.472719646104498015e-01 8.369548355505324055e-01
-5.477957055358069205e-01 -8.366121353390275628e-01
-8.726479556010152683e-01 -4.883498188648875971e-01
2.690013169741206633e-01 -5.699444138969684825e-01
-3.832884792366066384e-01 9.236286817138634753e-01
-9.995559336687516172e-01 -2.979824604888989606e-02
-9.641811299190701234e-01 -2.652446959092402134e-01
-2.660326650993290465e-01 5.666456610919224923e-01
3.274183757328749111e-01 9.448794670392863804e-01
3.846437928521836969e-01 -9.230650857985510660e-01
-2.864623747496720108e-01 9.580914924227115215e-01
9.970207328260062285e-01 -7.713402825662248052e-02
1.885917025230245125e-01 9.820555838339635191e-01
4.186750521474464914e-01 9.081361135365848547e-01
-9.860805313335511135e-01 -1.662684146942574603e-01
2.854698215572701314e-01 -9.583876986794334085e-01
-9.491352519301490265e-01 3.148686607833375284e-01
-7.951609667557965055e-01 -6.063984143679691519e-01
6.255450933374062661e-01 7.801880133669676365e-01
-8.472039351428590770e-01 5.312678159633371644e-01
-4.638175925810347211e-01 -4.412054043512224633e-01
2.820598064333689203e-01 5.642262603665879617e-01
7.935060961927498102e-01 6.085623019091329633e-01
-6.388557282773443813e-01 -2.370905457827295754e-02
-5.053988687493062848e-01 8.628858461389441459e-01
9.176434255019869646e-01 3.974047604558600955e-01
-6.729344879726507911e-02 -6.113211168053716005e-01
6.957452100221628299e-01 -7.182886625384090618e-01
-9.175028103212767849e-01 -3.977292961959921769e-01
1.793110842230396240e-01 9.394395108311594245e-02
9.868298866236537847e-01 1.617614752230778219e-01
5.923196464358945201e-01 -1.926328851170412970e-01
-1.903398831419933213e-01 -9.817182533117596588e-01
3.262651505045296996e-01 -5.059650498296768273e-01
9.491925115025897641e-01 -3.146960058650346559e-01
5.974249129543891534e-01 2.485516656261116397e-01
5.044419465654674806e-01 -8.634456106468098024e-01
-6.237949271329772394e-01 -7.815880557449453869e-01
8.463426548562799079e-01 -5.326388181223971063e-01
-9.968744937122286931e-01 7.900154293422249896e-02
-1.808872373887586982e-01 -9.210877438783100779e-02
-1.361868951682475570e-01 5.904138340586970735e-01
-4.800110993990762687e-01 3.723928393901845268e-01
-6.957424400145231225e-01 7.182913455991501994e-01
-4.978416700741471884e-02 9.987599995571397882e-01
-4.188729248734881505e-01 -9.080448627727206734e-01
5.031539103234444060e-02 -9.987333785476794068e-01
3.369016678532835707e-01 5.197042911947137300e-01
-6.717325884052960383e-02 5.929356707593960163e-01
2.249402008025236654e-01 9.743725704590212588e-01
-9.568348677580026385e-01 -2.906321314695358149e-01
-1.964730684800083671e-01 -5.191487165934399045e-02
-9.175907643694436455e-01 3.975263376732418030e-01
1.207370515084816437e-01 -9.926845241027173472e-01
-8.637012732446252006e-01 -5.040040779553408568e-01
-4.341364450318195845e-01 4.250809149899407724e-01
9.846520887375529441e-01 1.745286914658277511e-01
8.654922303297782893e-01 -5.009223485120084529e-01
-1.095368148630995464e-01 -9.939827393821518697e-01
-8.021356982512439782e-01 5.971417935390128662e-01
6.389450229536591808e-01 7.692524017789921231e-01
4.428046394294684607e-01 8.966181189892041825e-01
-6.424856823673198436e-01 7.662976888605363968e-01
-5.427325260816732166e-01 -8.399055929882870419e-01
-3.358465219475781915e-01 -9.419167233337112366e-01
7.991974615744255050e-01 6.010685629884452430e-01
6.149933108869950482e-01 1.763437742336230185e-01
-9.980903865292191091e-01 -6.177038382553581841e-02
9.982850240258068775e-01 -5.854067650611961826e-02
9.581036849445697667e-01 -2.864215929283907558e-01
-1.391900683932905947e-01 -5.893309536290018968e-01
-4.500625910465476109e-01 8.929970123916810554e-01
-9.847809962553403240e-01 1.737998544715710914e-01
-7.215648725439953726e-01 -6.923468312273607372e-01
5.505107861946274550e-01 -8.348280507286355290e-01
-6.352533352762710361e-01 5.197917821207822392e-02
9.164091164738615847e-01 4.002428403402071289e-01
1.909419069976266425e-01 4.937900083810051882e-02
-2.335436382915503095e-01 9.723463215406049631e-01
3.442484123020287390e-01 -9.388786027104529808e-01
2.613505918073828482e-01 -5.389778869357511049e-01
5.649779394867093796e-01 -2.599199481757523689e-01
-5.081194687800523191e-01 -3.808424026446628474e-01
-3.528803846327947021e-03 9.999937737523240111e-01
7.269508889890229364e-01 -6.866894530994845924e-01
-1.611960208773067782e-01 -2.049607892429211597e-01
2.576085528045510276e-01 -3.632575664474416155e-02
-6.179631610432886335e-01 9.502699352000856803e-02
8.690497437154069693e-02 9.962166056784447221e-01
2.304872875110290931e-01 -5.841036546710819399e-01
5.703485855900686241e-01 -3.261239116084460044e-01
-5.659515598891111665e-01 -3.318297737142685278e-01
4.761372119224461796e-01 -8.793709998758882929e-01
-7.827313375412358054e-01 -6.223597458310651254e-01
6.653584413830295752e-01 -7.465240414617236864e-01
3.911917960835585850e-01 4.875465864994689147e-01
2.601902944707021326e-01 -9.655573575211621185e-01
-1.988945390600780072e-01 -9.800208989261806058e-01
-6.197417873863644289e-01 -7.848057829598061863e-01
-9.996606050853027448e-01 2.605138461745646131e-02
9.898806318214155020e-01 -1.419025536938466059e-01
-1.985409690850445108e-01 -6.261429302861287738e-01
-9.065314436329093839e-01 -4.221382968943158120e-01
9.959968274874372307e-01 8.938858783401977537e-02
-4.419327638883326359e-01 4.871591940619204864e-01
8.192215625575040017e-01 -5.734771411667963781e-01
-9.665365561744111433e-01 2.565289176262775528e-01
-4.237157143537931270e-01 -9.057952270848277365e-01
-7.510131147195864276e-01 6.602872871100770036e-01
9.472842897730124889e-01 3.203942483086096860e-01
-9.716241231179278959e-02 2.431608832646519336e-01
-3.713869379441987473e-01 9.284781862404909436e-01
-9.794192670004923107e-01 -2.018363184073126426e-01
3.241403376668515468e-02 -9.994745271466262126e-01
-8.826937492137497676e-01 4.699486621951101673e-01
-1.483049113729504320e-01 9.889416834488579111e-01
-4.307149247691358443e-03 6.572232086897207282e-01
3.141416492851358822e-01 9.493761236645961166e-01
6.429735579757982489e-01 1.393924327856548295e-01
7.052689798392027809e-01 7.089398183742892101e-01
9.308553823688863194e-01 -3.653878174144212232e-01
5.229809244337766394e-01 8.523443861951531808e-01
-5.754415084850128537e-01 8.178429374351121606e-01
8.481877663992148930e-01 5.296956795469554002e-01
6.520988804677315676e-01 -3.489339484698588539e-02
-6.576871104200259222e-01 7.532912217644360808e-01
3.988503512075572965e-01 9.170160289447553126e-01
-2.971944485557469484e-01 5.815442939425287117e-01
7.555861267783647861e-01 6.550493149527513159e-01
4.998376475550187492e-01 3.661594674806114003e-01
-9.181707686160220927e-01 3.961848554135595779e-01
-2.607939257598602678e-01 9.653944936070231186e-01
-3.303889082450959386e-02 2.561569938191704532e-01
4.632416808719803658e-01 -4.611882104809202909e-01
6.535066848000485873e-01 -7.569207441480578780e-01
-9.992469476540393192e-01 -3.880125776421942257e-02
-8.819865804895045125e-01 -4.712745185520119673e-01
9.990117219129871495e-01 4.444749127282888318e-02
5.919749794638001772e-01 8.059563410562841090e-01
-8.075250338098947100e-01 5.898332982888709886e-01
-4.720137361005539711e-01 8.815911937697635814e-01
4.028520579138069463e-02 -9.991882216050919086e-01
2.385480927811186036e-01 -1.027595139989649492e-01
4.680365557734466053e-01 -8.837091051130622210e-01
-6.289821412649239107e-01 -1.702664220488442903e-01
-5.676193162180523943e-01 2.497249921241501414e-01
9.186065499372848553e-01 -3.951733877835381659e-01
-7.567086930536249811e-01 -6.537522113592232342e-01
6.731346533597544479e-02 -6.167859650791029935e-01
-3.555779206031985384e-01 -5.490377504546624099e-01
8.821937309932840199e-01 4.708866328492976594e-01
-3.942605664725929437e-01 -9.189986973465795739e-01
-2.056528538023183750e-01 -1.572682545604204285e-01
9.833268521792145611e-01 -1.818469185422649792e-01
8.076617586413311622e-01 -5.896460664062740387e-01
-1.812652468933775851e-01 -9.834342429815442488e-01
-9.650573638910214802e-01 -2.620387078271310677e-01
-4.195029619537681692e-02 9.991196988595111295e-01
1.818747309049713323e-01 9.833217084241782091e-01
9.642170990003967601e-01 2.651139113574748074e-01
1.665470418748907777e-01 6.298710449088070762e-01
-5.910274754803955810e-01 -8.066514260988265628e-01
2.612234371498888263e-01 -9.652783618643888675e-01
-9.831832007248596517e-01 1.826219970661270009e-01
9.839455063653607114e-01 1.784691584095524919e-01
-1.543040319170627672e-01 -6.270357825434950128e-01
5.853705559818512816e-01 -2.779681992197720053e-01
9.118006468990814961e-02 9.958344218810394333e-01
9.683261968348517712e-01 -2.496885590557800239e-01
-9.972317213895633969e-01 -7.435653202246758631e-02
6.182114925809927275e-01 -7.860118004462661734e-01
-5.323030825648993325e-01 8.465538543364539148e-01
-5.365368481392812638e-01 -3.655712948835115883e-01
2.082722851130047736e-02 -9.997830897512409720e-01
9.993228399535446504e-01 -3.679485761872063054e-02
3.493807346246692869e-01 5.060873655845776753e-01
8.911264271483729793e-01 -4.537551000680603575e-01
2.631758394091043285e-01 -5.586819965195553017e-01
-1.475849345628641174e-01 -2.094060117121855635e-01
-1.949284208451060318e-01 -9.808174706574273038e-01
-9.586051063541440875e-01 -2.847389156258060550e-01
-6.126896190313942947e-01 5.066376817062544918e-02
-1.067971537133084597e-01 2.340228433710697942e-01
9.214834729215335418e-01 3.884175705763956987e-01
-4.038053872535743993e-01 -9.148449099300879350e-01
-9.899640883035406569e-01 1.413191560593953788e-01
-1.282129640152683270e-01 9.917466591112971130e-01
4.356449443049428827e-01 -9.001185935761704116e-01
2.567289758913354203e-01 -2.576738973929796825e-02
-8.751634855262585555e-01 -4.838273179570685145e-01
2.328907691278761516e-01 -9.725028995612435834e-01
-9.368935249113103936e-01 3.496148208804366608e-01
-3.394370913357048214e-01 9.406287583449467471e-01
-7.026047106733993575e-01 7.115803682926817864e-01
6.206031836352807751e-01 1.856331710384573341e-01
-4.905429406564307260e-02 6.460661459359318126e-01
4.991426290789087172e-01 8.665198415709792767e-01
-4.670475300223337900e-01 4.486784638917081236e-01
-5.892494918527286796e-01 -8.079511348784041980e-01
-8.403699071519359354e-01 5.420133016388495317e-01
6.738552544504582409e-01 7.388633811805186413e-01
-7.487664132413492935e-01 -6.628339599037489371e-01
8.159491140528644104e-01 5.781237266159778843e-01
3.023839232066094507e-01 9.531862163219626538e-01
7.718485625907292036e-01 -6.358064142698035548e-01
-3.530109584244746079e-01 9.356191870799968058e-01
-8.623849493242478903e-02 -9.962745214004973260e-01
5.537337433982889578e-01 -8.326937861075447422e-01
6.280769260730543202e-01 -2.806586786867307781e-01
-5.537643068963210569e-01 8.326734608522342596e-01
8.331596588192526909e-01 5.530325333252886777e-01
-3.060922283265468113e-01 -9.520018633165006072e-01
-5.078581471917733570e-01 -8.614407131839887377e-01
8.591804107053341300e-01 -5.116727683395054793e-01
9.344830492845969117e-01 3.560076271651513857e-01
-1.393703215437031573e-01 9.902403311685525900e-01
9.964278061706617340e-01 -8.444896144963653928e-02
-7.300001729147603813e-02 -6.649968247482201944e-01
-6.274205387819160595e-01 2.779617855225209877e-01
-2.425311953342512428e-01 1.790688463689513177e-01
-3.261352175091001282e-01 5.901894890226850876e-01
3.523385921263565423e-01 -9.358725962963211353e-01
-9.351961190741614471e-01 -3.541302286851924497e-01
-6.891082982163726500e-01 -7.246583700816093820e-01
-9.963835647665830741e-01 8.496935837722033313e-02
4.730631686275697523e-01 5.031223811253846545e-01
-4.687754205378817929e-01 -5.062849977069154850e-01
3.026492685371213742e-01 9.531019988720754732e-01
1.377463211890528061e-01 -9.904675416180391823e-01
-9.528206166142749733e-01 3.035339726534624916e-01
5.049150382038121165e-01 8.631690472877504572e-01
-6.494980788537857430e-01 -1.323874677448778625e-01
8.329544096396572506e-02 9.965248965854381913e-01
7.266347095759316532e-02 6.634213168734353072e-01
6.482519660019413488e-01 1.286665839837146386e-01
-8.589828676807335084e-01 5.120043291135178976e-01
7.246313273562701163e-01 -6.891367349183252777e-01
-7.245885386485750868e-01 6.891817246990247225e-01
-9.904949076190998625e-01 -1.375494019639146859e-01
6.869208985559448477e-01 7.267321921637251991e-01
9.530320226473806278e-01 -3.028695491604305179e-01
9.903096642100578384e-01 1.388768122191836318e-01
1.782471479932784819e-01 2.432571886610383760e-01
2.440984736497643359e-01 -1.806957391866678142e-01
-8.344623012373263427e-01 -5.510650304761729457e-01
-1.792177338179261892e-01 -2.427373879777425525e-01
3.244898851725709354e-01 -5.914750989287795857e-01
6.124632719873833731e-01 7.904990452027810255e-01
6.823178480021189207e-01 -7.310556437766947413e-01
-5.277983520712253851e-01 4.327280460093025360e-01
5.107708388286118506e-01 -8.597169011961532936e-01
6.550134355294301783e-03 9.999785476398619366e-01
8.255039010265653454e-01 -5.643964115671913362e-01
-9.316409620531558300e-01 -3.633801285495261157e-01
-9.878138869733986693e-01 -1.556397272630141715e-01
2.199630710316010374e-01 9.755081995464450761e-01
7.665874843638206260e-01 6.421398825931536880e-01
1.036419230537530406e-01 -9.946146750303455075e-01
-6.692667595443750894e-01 2.684252529105847843e-02
4.277517246004929885e-01 9.038962673345343202e-01
-4.127686897514327713e-01 9.108358846471110715e-01
-3.237988787578784944e-01 -9.461259356529345688e-01
2.630409353484645663e-01 -1.456456005620380967e-01
9.271839776900634433e-01 -3.746062886749662035e-01
1.676339410629700821e-01 -6.344473111365205309e-01
-1.450561287402827304e-01 -2.615283687492519493e-01
-2.634416267539205769e-01 1.413358666891509352e-01
5.595283712668366327e-01 3.597403706066539253e-01
-1.106507330625724900e-01 -9.938593538689040052e-01
3.155916948328112426e-01 -9.488950849027271151e-01
9.654177243064325786e-01 2.607079162491794389e-01
-9.614486491881923946e-01 2.749845358819296703e-01
6.689061427535243354e-01 -2.659625571639756547e-02
-2.074908610374658346e-01 9.782369562564743326e-01
9.856900697398808253e-01 -1.685677502258038640e-01
-5.630503910326030148e-01 -3.601584357553535010e-01
-5.964944458370791125e-01 8.026172039556066506e-01
-9.981141406841149699e-01 6.138535791547478082e-02
-1.731821947558709052e-01 6.312669977540144028e-01
-6.921872159109417888e-01 -7.217179907203776779e-01
-2.412052011116596895e-01 -6.408830482734181322e-01
-8.806996251953123078e-01 4.736751737011728469e-01
8.872430613192670013e-01 4.613022329675148803e-01
-7.561306151990735414e-01 6.544207306914033850e-01
1.434501744474612484e-01 2.590053085436245239e-01
9.988376932214372284e-01 4.820023444007193875e-02
2.365177368185030493e-01 6.407667352964480090e-01
-8.310140904776507353e-01 -5.562513653265069857e-01
-5.224343696638154011e-01 -8.526794998086747457e-01
5.270585518074645259e-01 -4.345740855465816121e-01
7.688001260383435509e-02 -2.344353319565628258e-01
1.645629356328430493e-01 1.873654246556625547e-01
-4.739732120959506689e-01 -8.805392633014423875e-01
-6.917841682038322615e-01 7.221043308432181229e-01
-3.396684363374326554e-01 9.405452425886186019e-01
6.451519097533683356e-01 7.640543261716288281e-01
3.380467556806624474e-01 -9.411293168177146118e-01
9.842066380874320286e-01 -1.770234265418978437e-01
6.356169128128250634e-01 1.316419895564942960e-02
-7.896955432834237287e-01 -6.134989396227984448e-01
-6.457273536502465827e-01 -7.635680616342263027e-01
-6.215786951413169170e-01 -2.097046447392204027e-01
5.517330687452803861e-01 -3.323377637089847680e-01
-5.263149798535263768e-01 8.502896812156326423e-01
-7.474274998257209035e-02 -9.972028486346411480e-01
-3.982708967060067939e-01 -4.909565071022444771e-01
-4.349516045918833673e-01 4.829891155153000493e-01
2.750263938525270846e-01 9.614366763778436908e-01
-9.844900085723443661e-01 1.754406538440430874e-01
-1.065037166207681157e-01 6.276644592099088760e-01
5.290258884076004531e-01 -8.486056854597129329e-01
-8.262084176770487787e-01 5.633645804979111604e-01
9.019540941518854327e-01 4.318319256871264722e-01
-7.814137996478143222e-02 -6.543301131165875084e-01
4.716364086566266489e-01 8.817931152087090663e-01
-8.993020945479944794e-01 -4.373279578778265231e-01
5.551896295609031196e-01 3.709109876176967524e-01
-9.253239038227757396e-01 3.791776272595450137e-01
9.995577158395608786e-01 2.973840455706483824e-02
9.266096286818678029e-01 -3.760247279555575250e-01
-2.818598713270543121e-01 -9.594555815333487558e-01
7.902960703149943811e-01 6.127251596308719295e-01
-9.709837122088191830e-01 -2.391456263977682628e-01
8.285321070769647855e-01 -5.599415572562951304e-01
6.999842504419402645e-02 9.975471018910998522e-01
2.972935169609358108e-01 -5.987806436720969350e-01
2.578424315388063714e-01 6.133536592968639178e-01
-1.379959777879082583e-01 9.904327892968604052e-01
6.942674184949827465e-01 -7.197171330573648440e-01
-9.994469213374821415e-01 -3.325434451359295801e-02
-2.455391481226229522e-01 5.136844570378223951e-02
1.347118649189285866e-01 -9.908848134117629325e-01
-6.464500562073955958e-01 1.713797447455198131e-01
9.717805145292712776e-01 2.358869042173069586e-01
6.695999176543393494e-02 -9.977556612231137656e-01
-9.840973534698006508e-01 -1.776299493152388720e-01
-6.882193807615200054e-01 -4.270134780287197784e-02
5.907182530203840265e-02 6.857109999422800195e-01
7.878622677491585735e-01 -6.158514813306475988e-01
4.700062484443579547e-01 -8.826630877199185266e-01
-4.707325461385373222e-01 8.822759602334916407e-01
4.018632486817052540e-01 5.226043809449423261e-01
-2.759967307823660843e-01 9.611585741163869434e-01
-2.441253512533624048e-01 -6.283538615464324684e-01
-3.428731460679029230e-01 -9.393817145897072063e-01
4.629936055553927066e-01 -4.716252947983156640e-01
5.303666771796362589e-01 8.477683573579704035e-01
-8.281466424551228167e-01 -5.605114972864578826e-01
-2.901522569314644584e-01 -1.601814711016920703e-02
-7.879160373113113236e-01 6.157826874374108250e-01
6.398199876500504368e-01 2.367615234591706752e-01
-8.988726943704478112e-01 4.382098576198525941e-01
9.848445247218280407e-01 1.734395056653376122e-01
-1.408064180837706458e-01 -9.900371470941977670e-01
-5.324450126591319110e-01 -3.939657349168427247e-01
8.274872937670176842e-01 5.614844420410393111e-01
-9.262375119056147632e-01 -3.769404084718117609e-01
1.400599153868007374e-01 9.901430301233465903e-01
-9.993720364121397859e-01 3.543349880343073938e-02
3.441560170394124540e-01 9.389124751197885921e-01
-5.786497915763599842e-01 3.257244775253583247e-01
-3.218509740299347333e-01 5.927245596589043597e-01
8.977274549679266080e-01 -4.405512644367388098e-01
6.944254573387474982e-01 7.195646490760030378e-01
6.423926179040689854e-01 -7.663757071191368286e-01
9.262508661995322301e-01 3.769075919434576316e-01
9.994376248896379433e-01 -3.353258049955717968e-02
1.745525264217173689e-02 -2.931306347271240842e-01
9.701395303762865296e-01 -2.425475038034372588e-01
1.431898668118136708e-01 -6.728349186660413928e-01
-9.701060390128870559e-01 2.426814230029298580e-01
-5.308948543503020367e-01 -8.474376989633937152e-01
2.765479825542090930e-01 -9.610001110016568315e-01
-1.627444854214479819e-02 2.941722621599733856e-01
-6.442021891144741330e-01 7.648552409051789791e-01
-7.147923104805754824e-02 9.974420883082779632e-01
2.948812457823037358e-01 1.644575148244440538e-02
-6.943440738654754751e-01 -7.196431803942111571e-01
6.645128574302671121e-01 -1.571419202616448074e-01
6.639620371139787203e-01 1.746692503011157971e-01
-6.401159973046677276e-01 -7.682782764042274115e-01
-5.878640411520189568e-01 -3.603527001237780136e-01
-9.281948438512123145e-01 3.720945200456783897e-01
1.438896140530254719e-01 -9.895937444060928234e-01
-3.264181183384263774e-01 -3.484001374300767923e-02
9.991658888218863943e-01 4.083535985846094979e-02
7.865159985292884404e-01 6.175699021628857643e-01
5.330113610856407336e-01 -8.461080834938482509e-01
9.860786689019824802e-01 -1.662794597552390563e-01
8.969817418352221683e-01 4.420675907757214418e-01
1.152260820104825251e-01 6.747253489120605963e-01
-1.414522629118326325e-01 9.899450779296402603e-01
9.286895827154737493e-01 -3.708580037639194193e-01
-7.846255412967925169e-01 -6.199699669699454407e-01
6.985364552098155544e-01 -7.155744690407178643e-01
-3.121937046863728082e-01 -6.245256125854858897e-01
2.868409380627822691e-01 -1.677789755641575509e-01
-4.655387397704173758e-01 -8.850275033991721330e-01
-2.779538493351995099e-01 6.476824306877464466e-01
2.722085750798804438e-01 9.622382717669158980e-01
-5.684332725308409717e-01 3.811659707654387885e-01
-9.991806297032383988e-01 -4.047306790743677996e-02
8.316461792561775646e-01 -5.553058909543475696e-01
8.457901708177634204e-02 -6.895147116091930872e-01
-7.025882445509039620e-01 2.150412161425553637e-02
6.511303960439049354e-02 9.978778943705872706e-01
-3.455238896373297175e-01 9.384099539592972716e-01
6.390431892822338034e-01 7.691708537327653916e-01
-8.968230944962445328e-01 -4.423893502088178664e-01
9.691099742170607989e-01 2.466289883063378097e-01
-8.310404557013568727e-01 5.562119748690070864e-01
3.470540715791612385e-01 -9.378451212222229660e-01
-1.340511482848998903e-01 3.038062862642799122e-01
-9.849748493139104388e-01 1.726978465964164045e-01
-6.601965542409676813e-02 -9.978183226909013159e-01
4.644749984366175477e-01 8.855862328578194553e-01
2.437511990936375994e-01 2.190294408255382130e-01
-5.353313620580057997e-01 8.446421329753331930e-01
4.715931569454737127e-01 5.225834996868053972e-01
-9.689896227448360211e-01 -2.471014184759370569e-01
-2.697470687620542873e-01 -9.629312119223676358e-01
-6.976030330925270251e-01 7.164844787014625904e-01
-6.866091879098562556e-02 -3.224206470537870350e-01
6.694190879096953983e-01 -2.090070310124049480e-01
4.380175856228832321e-01 -5.389087582272031884e-01
-1.096739946562249879e-01 -9.939676125991966371e-01
-9.695980928250755859e-01 -2.447029595039177940e-01
-6.124097715053445912e-01 -3.189055585557405426e-01
-2.258802511724517237e-01 6.602393830683895848e-01
4.792684614166511370e-01 -8.776683552978971070e-01
-5.672822464582550905e-01 8.235234379501749080e-01
-9.004225053740458895e-01 -4.350164500520944943e-01
-9.875806281287710098e-01 1.571130260187938721e-01
-3.055576647099006449e-01 -9.521735732192067037e-01
7.286557490536655912e-01 6.848801350390018028e-01
9.510447577419801901e-02 -9.954672966440007986e-01
3.984496290769779514e-01 -5.567473087483897354e-01
9.984290899416647935e-01 -5.602992377523733497e-02
2.946275122911986011e-01 -9.556121749962687151e-01
8.945791023551298293e-01 -4.469096436971239372e-01
-1.932963564174639548e-01 9.811404173693655251e-01
-3.245544094321384243e-01 -5.588229946554559846e-02
-6.563424036795426630e-01 -7.544631529320435792e-01
5.744088268774804051e-01 8.185685674427261027e-01
-3.902716519906808124e-01 9.206997543458261823e-01
9.894596597677396410e-01 1.448087762958755742e-01
2.293548768797073756e-01 2.315964879624803630e-01
-3.495304804307221569e-01 -5.930644381460187242e-01
8.528454548183538320e-01 5.221634133062896810e-01
6.464681441009075824e-01 -7.629409798029780365e-01
-7.936290949619835278e-01 -6.084018898966561117e-01
-4.861333616913136868e-02 -3.248779032794889554e-01
1.559361671423216134e-01 6.611694626819500931e-01
9.400054694683142031e-01 3.411593723901693020e-01
6.597410757901343847e-03 9.999782368488284723e-01
-5.399775156179325020e-01 4.201388532511027285e-01
2.932742849196836588e-01 -1.496443347461161311e-01
6.653492048543261372e-01 1.334010691348014588e-01
-9.358563845556260308e-01 3.523816503259957766e-01
-1.503107714505171610e-01 2.878467135316671310e-01
-8.464165280411144465e-01 5.325214184038284948e-01
3.863980389766068918e-02 -6.952890805913028993e-01
-9.988991175915703513e-01 -4.691005089298125319e-02
4.000696874336552855e-01 9.164847217475788899e-01
-7.208294191318617150e-01 6.931125078326193512e-01
5.061155084877584365e-01 4.849407242155159281e-01
6.535744891410601998e-01 -2.525194791146122553e-01
7.863328827287567879e-01 -6.178030410571667685e-01
-4.903337054256211025e-01 -8.715347711500559535e-01
2.071978408802452043e-01 9.782990620125140424e-01
9.670192613665302694e-01 -2.547032550756470615e-01
-6.888340638291968743e-01 7.219183125590496186e-02
-1.671976747910397174e-02 -3.220834590256268504e-01
3.682285329052802370e-01 6.002483751723957095e-01
-1.791425906837414428e-01 2.736895394043900032e-01
-3.176884449005532574e-01 -9.481951550059029010e-01
2.833057716375654844e-01 -9.590296344518471905e-01
7.369361986030891210e-01 6.759623060411197315e-01
-3.605818039550530707e-01 -5.855191036526954385e-01
8.902618590274016253e-01 -4.554490337689552359e-01
9.976571762131056786e-01 -6.841168577437750642e-02
-1.990550229494430709e-02 -7.076694198031218130e-01
-7.118009271925171966e-01 7.023812640210960190e-01
-9.853045007536562760e-01 1.708070279426114890e-01
4.098371721915516352e-01 9.121586990705250475e-01
-8.382913867283913190e-01 5.452224783856499668e-01
6.975587812235145568e-01 -1.738178233278552670e-02
9.908162340563253512e-01 1.352153479840246530e-01
-6.656038640781648530e-01 -7.463052298652448346e-01
1.863525450420171203e-02 9.998263485673719586e-01
7.787934603122236288e-01 -6.272804366269627563e-01
4.697103295460505756e-01 -8.828205969038899203e-01
8.506820492808007950e-02 -9.963751304154045974e-01
-1.818580635057451544e-01 9.833247910725837482e-01
-3.137489088522258940e-01 -8.325403558020233463e-02
9.635058467651149705e-01 -2.676872863051935614e-01
-1.206782703662773737e-01 -9.926916716994274026e-01
6.101823111440263236e-01 3.251807659717885213e-01
2.196920359683176838e-01 9.755692744916145687e-01
-3.747338322628040452e-01 9.271324365793877087e-01
-9.311159239070437854e-01 3.647233694825875450e-01
1.959430232468629268e-02 6.856374423270023000e-01
6.373259719578264759e-01 -7.705943196442676113e-01
3.046942327754170177e-01 -1.161897303704866047e-01
-9.726554280246801909e-01 -2.322529188925864518e-01
-6.972976023530476075e-01 2.118338610964678320e-02
-3.351572947725617313e-01 6.240190823459106362e-01
-9.994713885489340255e-01 -3.251066705045875527e-02
-5.015732478120877857e-01 -8.651151813944971680e-01
-6.157640587347942285e-01 -3.383621249596248659e-01
-9.062667283378126326e-01 -4.227063012398529218e-01
9.438489353108262536e-01 3.303773407977906862e-01
8.574654470061509048e-01 5.145415504996088130e-01
3.260948217154445161e-01 -6.026491769751711747e-01
2.037280121855914172e-01 2.521614523152092557e-01
5.975259358155858846e-01 -3.713360483553193592e-01
5.861421369657726643e-01 8.102082419188275653e-01
-5.562709011049555841e-01 8.310010135877577975e-01
-8.010493283974856604e-01 -5.985983406875909907e-01
-5.906264275928841956e-01 3.585930382280807516e-01
