-1.214530180064058579e-01 -9.925971813465598315e-01
9.199746788055657154e-01 3.919777931931811010e-01
-7.987172436468631398e-01 6.017065436748695317e-01
-7.654983874338336935e-01 -6.434378127186807239e-01
9.975613250464990811e-01 6.979543517646960571e-02
-8.493927867004752441e-01 5.277612091667982508e-01
3.746605858352436980e-01 -9.271620383846568281e-01
2.413234488265916244e-01 9.704447398210984677e-01
5.565483266958075603e-01 -8.308152382161129168e-01
-8.615116903552708649e-01 5.077377348407386970e-01
-3.040353415061177733e-01 -9.526607534244592168e-01
-9.348160204125255390e-01 -3.551323809230704232e-01
6.867942133943952809e-01 7.268519164506439534e-01
-1.399039952132769549e-01 9.901650731687939855e-01
9.965067614736131674e-01 -8.351212090092886842e-02
-2.261085552517918262e-01 9.741021102748660399e-01
9.201782861952425563e-01 3.914995806061437045e-01
-7.317629211117725463e-01 -6.815592617564272260e-01
9.561795849601536501e-01 -2.927808076111350077e-01
4.548014404903323871e-01 8.905928641797656864e-01
-1.211019672422373461e-01 -9.926400724986171875e-01
-7.985046769825012714e-01 6.019886052385636788e-01
-9.986504571868570768e-01 -5.193519385235354641e-02
5.447317643292319822e-01 -8.386103415357827329e-01
-9.984803157956433362e-01 5.510951794955333549e-02
-3.661862075533611760e-01 9.305415957374967295e-01
9.429709745979687474e-01 -3.328749631104100382e-01
-8.112447439668456495e-01 5.847067345141213623e-01
-8.699593627447197441e-01 -4.931234198177988914e-01
6.123710156086694667e-01 -7.905705150348110166e-01
-4.642919383651189502e-01 -8.856822206464124436e-01
9.003721523180976960e-02 -9.959384016460559597e-01
1.945263790402044224e-01 9.808972871088526002e-01
9.733295186909539654e-01 2.294115255274595255e-01
6.962035363046644720e-01 7.178444372124643813e-01
-8.657204173173045358e-01 5.005278803822538203e-01
1.891916361025827720e-01 -9.819401839362864592e-01
1.485499173090624667e-03 1.373136678497262559e-03
6.897720580979193050e-01 -7.240265933426481837e-01
6.181521955001739732e-01 7.860584349768883206e-01
-8.135402795579264046e-01 -5.815085670364715797e-01
9.718707136367175092e-01 -2.355150015928013651e-01
9.430371729518696733e-02 9.955434741407876986e-01
-4.590065984296711754e-01 8.884328576758193652e-01
9.450572535973826849e-01 3.269048598950041740e-01
-3.694025539077598896e-01 -9.292694728475829891e-01
-9.988302326373821316e-01 -4.835458995331184257e-02
